0   0   1
1.0   0.0   0.0   0
0.0   1.0   0.0   0
0.0   0.0   1.0   0
0   0   0   1
1   1   2
0.9999858923279499   0.00047557889935225314   -0.0052904602620580995   0.002909771156719014
-0.0004990130634288934   0.9999900670886599   -0.004429075522045331   0.002401081915742371
0.005288301337523446   0.004431653046882699   0.9999761968768235   -0.0017973563652988011
0   0   0   1
