0   0   1
1.0000000000000002   -6.273054759157906e-18   -4.4553632784862804e-17   0.0
7.941333817824581e-19   0.9999999999999999   3.935851359817603e-18   -6.938893903907228e-18
-1.0872738262648122e-17   7.398832792775148e-18   1.0000000000000002   -5.551115123125783e-17
0   0   0   1
1   1   2
0.7145845819560487   0.6593767685413472   0.23364751973104145   -0.04812484562431135
-0.695257836046927   0.6324792495974538   0.3414476942103621   -0.19345470544019616
0.07736546576747748   -0.40643852882373793   0.9103967861426091   0.01817204350824636
0   0   0   1
